-0.6066703936072644 0.01831870610107423 -0.7947423850073615 
-0.5603630125511228 0.04181617148033696 -0.8271908497845931 
-0.611362545463316 0.01656233720301121 -0.79117730439579 
-0.6227365102251663 -0.002715866627735224 -0.782426905788037 
-0.625754339879557 0.008239526561232337 -0.7799766767820348 
-0.15305814552222727 0.8817182972178343 -0.4462578273157567 
-0.5966469202333093 0.02211971954857048 -0.8021989594752661 
0.15386251565341072 0.9108117427474954 -0.38307740151315944 
-0.6223276394915728 -9.385707153143904E-5 -0.7827568590026518 
-0.6222604562636591 0.0015654121754268768 -0.7828087084692299 
-0.622762081945734 0.0013883220998224602 -0.7824100343505074 
0.09517400588419711 0.8158241691538384 -0.5704146155459238 
-0.649182185337604 0.02950516224162198 -0.7600604815680055 
-0.6252413606591603 0.0036330551724562694 -0.7804229890458095 
-0.5747777289478877 0.01381961523125475 -0.818192874901981 
-0.046600969227881074 0.8067803734549276 -0.5890108476717129 
-0.5774813636863178 -0.3704431724038904 -0.727521223480341 
-0.6992819628415071 -0.12775508967656854 -0.7033373113281145 
-0.6022941620444211 0.012224589939171124 -0.7981806197647421 
-0.6223761757437286 0.001459463152262768 -0.7827169129601831 
-0.13003196585773663 0.8064793823324049 -0.5767865235318135 
-0.1333638729880352 0.7111758228651923 -0.6902485250644496 
-0.8038246178927775 0.07530624900694913 -0.5900804627591341 
-0.6204300121421931 0.029791892627830177 -0.7836957593140913 
-0.28549737204157805 0.643216253990882 -0.710467522944779 
-0.6161165591206426 0.027782280148612816 -0.7871648686819578 
-0.6209528968518724 0.006975667869991144 -0.7838168408174423 
-0.6225188115865702 0.0013549531851345035 -0.7826036629883039 
-0.5837519813351517 0.04627799596256077 -0.8106120967373814 
-0.9979835663255585 0.006514143483540459 -0.06313768509214907 
0.27481605326774977 -0.9010681543279826 -0.3354881788115643 
0.6155312255604067 -0.5300275803396237 -0.5832598687029885 
-0.1343290029884994 0.7582985929703654 -0.6379176771772984 
-0.13519439599474575 0.8625329563130265 -0.48760575731376127 
-0.7493003676686066 -0.02873429272329767 -0.6616066047383314 
-0.603094893409687 -0.011483467220786168 -0.7975867849480378 
-0.5936810446131634 0.02617131452955361 -0.8042747537768535 
0.39215846082931444 0.7328164512542164 -0.5560501689336672 
-0.5591275729839729 0.032352474821740626 -0.8284501641631564 
-0.622366157619937 8.402075067179682E-4 -0.7827257884474877 
-0.6229332304819609 0.014756243993109775 -0.7821358217244139 
-0.6137211550902604 0.005075460726527953 -0.789506544300356 
0.2508150488752725 0.5658430611667938 -0.7854383752956603 
-0.2089576444702724 0.7282245460277893 -0.6527064526876194 
-0.5911818472718352 0.003851297320381167 -0.8065291011273 
-0.17447541058404892 0.7583893041348616 -0.6280159189665243 
-0.587826740857381 0.011366031140078444 -0.808907000877797 
0.3430498234966499 0.7311139441452361 -0.5897365676938422 
0.40842753977451074 0.6766457025087783 -0.6126479723545505 
-0.6190429446337772 0.010592094109526985 -0.7852857061232665 
-0.6225192941395528 0.005956143444964771 -0.7825817866391065 
-0.00781918916307769 0.7304429505972087 -0.6829289539942467 
0.35815212314156636 0.5675007611984773 -0.7413972907479075 
-0.6131535572444418 -0.0016813055403186899 -0.7899619537991479 
-0.7873247325405446 -0.26186078954695113 0.5581654704725181 
0.37668199123564594 0.5876205177469461 -0.7161094920482202 
-0.5933219474214532 0.06504593627672854 -0.8023329065181724 
-0.16586639630776062 0.6967713643914704 -0.6978524230379413 
0.1068696881421253 0.8086813420854391 -0.5784577397868385 
-0.2576124358030791 -0.9163248346192545 -0.3065691282233103 
-0.622304045294448 0.0018884512545741773 -0.7827733445653504 
0.7833839484389747 -0.06830044232822588 0.6177739383511823 
-0.17916141670250477 0.752472561821403 -0.6337872122969085 
-0.5960774829640769 0.030291199675209244 -0.8023553312127035 
-0.5840525650157153 -0.10427263674261486 -0.8049905704573851 
-0.6318285519154202 0.005399420736808953 -0.7750893672604277 
-0.7484522675709422 -0.4215520549064064 0.5119697922456959 
-0.5792269401389478 0.010613396650994422 -0.8150972381432785 
-0.5941557673541483 0.022145654512135717 -0.8040450821353441 
-0.6359754894893442 0.0455940764509396 -0.7703611860428684 
0.3922821092905548 0.6023015791314702 -0.6952320148743805 
-0.16567528228035966 0.8128141877207827 -0.5584664690750263 
-0.5584106496117129 0.03540606177979431 -0.8288087579106956 
-0.6189827877392502 -0.001167065424172661 -0.7854036837453986 
-0.5481660070100589 -0.32424266951905584 -0.7709609069348486 
-0.6152515078755062 0.004544374114203681 -0.7883177853637618 
-0.6148838575205665 1.3106426262668694E-4 -0.7886176669228168 
-0.5955160855291513 0.023783600974738885 -0.8029912404258909 
-0.6227687409824831 0.006665413680780185 -0.7823775734998779 
-0.2077887761528074 0.7443996734656981 -0.6345809252168558 
0.6291368894745565 -0.4797398473201679 0.6115851970048832 
0.42354690448554744 0.6673774351880152 -0.6125482664268809 
-0.05246149876299027 0.7298637445712968 -0.6815766321609815 
-0.6179251217127508 0.03318272137392645 -0.7855364096962677 
-0.5584116056793259 0.03540725945161418 -0.8288080625939658 
-0.03130776883783929 0.7449917553531085 -0.6663385836542041 
-0.6216617560565962 0.0014553436454672307 -0.7832844585663006 
-0.6030854599012736 0.0067609614425956765 -0.7976479282591042 
-0.5184315689988479 -0.37990277804113426 -0.7660956777727059 
-0.5942575382396647 0.030186908883150603 -0.8037081116782473 
-0.6241659140135706 0.0018117793394331972 -0.7812897217033059 
-0.601201632657591 0.006212037753373446 -0.7990732178447715 
-0.08126420368119724 0.8267258546879664 -0.5567050299669586 
0.8629150615842321 0.3515942522055897 -0.3629863334990356 
-0.5923979784955975 0.01602291829147893 -0.8054861272323406 
-0.6217384785034628 0.034801693853959904 -0.7824513444637274 
0.07720182593035065 0.8666796061640757 -0.4928552914723577 
-0.6280305738482503 -4.4698800009503455E-4 -0.7781885366115112 
-0.6210943324114301 0.002950521925906415 -0.7837302626967806 
-0.6190440539797996 0.010593569728540078 -0.7852848117165272 
-0.6223370150690026 0.0010546035616883127 -0.7827487000860058 
0.4214752695597801 0.6677544153935315 -0.6135655122902147 
-0.390245836686515 -0.13569684121112202 -0.9106561119512487 
0.42461474805629446 0.6682103006696927 -0.6108987721480609 
-0.5602727386997416 0.041756227167404535 -0.8272550246221749 
-0.5686056083092881 0.015777534001534147 -0.8224589543679702 
-0.6247185127523891 -0.007857646926449786 -0.7808105001914499 
-0.5992883829624068 0.01228237369803363 -0.8004389903937998 
0.36990990599093815 -0.7633112462844454 0.5296438451879358 
-0.6125643658577203 -5.7492064228247725E-5 -0.7904207072034434 
-0.6015531342951987 0.016002478217506194 -0.7986724906433932 
-0.5601432384463237 0.04182709802768335 -0.8273391362031942 
-0.14542286718048575 0.7256508930446479 -0.6725198667136248 
0.282601903545407 0.7070227216151681 -0.6482708039333509 
0.6464842680614199 -0.4532315855268861 0.6137093946078024 
0.09906095978651126 0.8323777019795437 -0.5452836761662955 
-0.7497687956493221 -0.028573195896081854 -0.6610826919129327 
-0.6221624993997407 9.647566131489095E-4 -0.7828875357197516 
-0.5915066718067591 0.025430349716944852 -0.8058989729000559 
-0.6088411174280828 0.020893300965444495 -0.7930170008919676 
-0.6213405599405771 0.019381460246454284 -0.7833008793378475 
-0.5798073558522716 0.012038153768587499 -0.814664662884945 
-0.13091195132344194 0.7121211949290267 -0.6897430425408754 
-0.6231299124632051 4.275226013250309E-4 -0.7821182323779594 
-0.6070030258707763 0.017624034904362096 -0.7945040717185857 
0.42193618802737304 0.6737170530874043 -0.6066920022648667 
-0.9917513615216238 -0.058617155320021624 -0.11398800823856012 
-0.6219583287652696 0.0023265019570286897 -0.7830468853575479 
-0.6320324896637544 0.011929351525785638 -0.7748500645812779 
-0.5916037492779106 0.030650297106190477 -0.8056460532564045 
-0.5603636709643137 0.04181727557676948 -0.8271903479409892 
-0.6145922211931972 -0.012082156586409527 -0.7887524473122309 
0.42144808431710706 0.6674629194910667 -0.6139012651313746 
0.42360744351336543 0.6704970661825889 -0.6090898275629072 
-0.1877329932594037 0.7752965503466237 -0.6030518901906284 
-0.5734698707846364 0.014153030192922978 -0.819104388364884 
-0.5921598741145914 0.00454036174709269 -0.8058077119287187 
-0.5582977429801372 0.044343107097656945 -0.8284547779065616 
-0.6218020179145585 0.0016331152612720106 -0.7831727673073973 
-0.23552957480091585 0.6968678145857471 -0.6774223707470728 
-0.5893267242881994 0.022268001776204003 -0.8075878578437369 
-0.5919476160840366 -0.14171465812759584 -0.793419797764213 
-0.20901215180141616 0.7280126832341608 -0.6529253046478893 
-0.6127457394834034 -0.046411046108580115 -0.788916138473567 
-0.5908366117159027 0.01613669834068788 -0.8066298439945879 
-0.6219894797698264 0.03448073943802759 -0.7822660453218379 
0.20102182128380386 0.7436486662678765 -0.6376338200924969 
-0.7858390394090714 -0.2627591308576843 0.5598344784769356 
-0.6022934600885487 0.012224588626867804 -0.7981811494688832 
-0.619128953751996 -0.004981223738188616 -0.785273535805218 
-0.6225140964555766 0.0013518201120956697 -0.7826074190144646 
-0.5623663536457103 0.0470477181078975 -0.8255486639248275 
-0.5589208729125311 0.030886997943432897 -0.8286455521999359 
-0.7859728998250577 -0.2634675751090428 0.5593133626213043 
-0.17334238700134275 0.6800992972472816 -0.7123323401000621 
0.38242630361524005 0.7354776468242336 -0.5593055992255684 
-0.5781139311690379 0.01663020783930971 -0.8157865644735162 
-0.622502507528882 0.0013429502634591886 -0.7826166523942895 
-0.6242965997222003 9.434208290036347E-4 -0.7811868313869853 
-0.6221559898114752 -0.005014805616724413 -0.7828772420158412 
-0.5967545303865555 -5.851229035524754E-5 -0.8024238450092529 
-0.19993173647300932 0.7400399088815665 -0.6421590410587162 
0.039780526954793324 0.8315383549078263 -0.5540410399892635 
-0.6239726055668658 -0.0013809179920632809 -0.7814449952284522 
-0.6311802840640345 0.0344222010747405 -0.7748719643154054 
-0.5943405563238812 0.023996649421774898 -0.803855375005447 
-0.6279876044541011 0.019424450200602548 -0.777980886260327 
-0.6285940493776797 0.035525763087141476 -0.7769217729244352 
-0.6221778093344524 7.865255228977901E-4 -0.7828755679859881 
0.29993413976183175 0.6070199987401012 -0.7359118377461376 
-0.6191285436013337 -0.004982781874009533 -0.7852738492926449 
-0.6231410650021908 -0.0020736304187064613 -0.7821067146910466 
-0.5919641193945866 -0.14124410723499928 -0.7934913884351736 
-0.6074808435973865 0.012636471204981764 -0.7942338095659824 
0.3147325469185398 0.7727387886438531 -0.5511970504596335 
-0.17407742543176952 0.6812413250525274 -0.7110606914994835 
-0.7508731825160355 -0.027179379158430918 -0.6598869184389117 
0.3107447327431541 0.7723181853731901 -0.5540418139583408 
-0.6241670365709084 0.001811016759431709 -0.7812888266682093 
-0.593697168162421 0.023767622886401184 -0.8043374743341577 
-0.596754996846242 -5.8966444899653126E-5 -0.8024234980744271 
-0.7497671584989491 -0.028575294898481613 -0.6610844579612173 
-0.5960986562584768 0.016050162238989012 -0.8027507610080108 
-0.792524853801676 -0.4241229557825209 0.4382055162648343 
0.4114849913833696 0.7133579370347408 -0.5672746738007672 
-0.1574258742621083 0.7951550961229016 -0.5856154601977224 
-0.20907904204501576 0.7284056460066786 -0.6524654542909778 
-0.6225593276185326 0.0013621920201309242 -0.7825714204007587 
-0.558413290112511 0.03540922253498026 -0.8288068438334646 
-0.019901211123078275 0.7217060749749512 -0.6919134939716703 
-0.6148962719470137 -0.01032287681900485 -0.7885404320387407 
-0.560364579225456 0.04181635565997094 -0.8271897791612253 
-0.23813343791150451 0.7075674343891022 -0.6653125517683183 
-0.5992877126589418 0.012282428603639043 -0.8004394914068209 
0.2791388799547072 0.7984103127553197 -0.533500195111102 
-0.5818001343199478 0.01761290095782021 -0.8131410636692386 
-0.8505907548154263 0.20647793835356187 -0.4835930404749288 
-0.02051055894966862 0.7408004360273848 -0.6714119681337299 
0.5741142615092031 -0.8096828557904036 -0.12168191225830845 
-0.19538000644448883 0.7372276624930852 -0.6467781897503448 
-0.48471506953935994 -0.15840171517583523 -0.8602093919452444 
-0.6219651592051967 5.832002654500458E-4 -0.7830446989874235 
-0.592696226203986 0.025192867793402553 -0.8050319887159129 
0.31364154216272894 0.6603810450479897 -0.6822945539655949 
-0.5988297367117074 0.06346755581085603 -0.7983575738910373 
-0.23092253491229942 -0.820288286278347 -0.5232608434272629 
-0.608904496165993 0.021098066022985366 -0.7929629160048584 
-0.6227779752087469 0.0021173141396815653 -0.7823957506120081 
-0.6221303732647981 0.011747096506680812 -0.7828255261455555 
-0.6173109146248505 -0.0059662840520631755 -0.7866966620875168 
-0.17334307416740505 0.680099271444789 -0.7123321975163419 
-0.6178967437834428 0.004960762622448172 -0.7862436040159705 
-0.6382103571878628 0.06074954810286081 -0.7674614207785554 
-0.2391742000401331 0.699420941524259 -0.6735028200330578 
-0.6220618365753079 0.00483686389709967 -0.7829531762654749 
-0.7508733292161616 -0.027181595327801372 -0.6598866602283104 
-0.6254428124550159 0.03858769389832879 -0.7793152624117975 
-0.15620345225147395 0.7946350636706567 -0.5866477623666974 
-0.6004622652612127 0.0033004734277490054 -0.7996462810971647 
-0.2091378478562726 0.7281395285503857 -0.652743584845128 
-0.5903259818414345 0.01595046900263085 -0.8070073219627829 
-0.5968131339507404 0.03195622610271058 -0.8017436515228343 
0.07997850373913515 0.6388227353440425 -0.7651855668706804 
-0.6131349114678549 -0.002332100247967081 -0.7899747727919793 
-0.584667280006248 0.02819551669814085 -0.810783068723207 
-0.649332564573877 0.028994892339794156 -0.7599516542531609 
-0.5710034509445028 0.035759923486559625 -0.8201684503086571 
-0.5750479137749038 0.02253442043560004 -0.8178093278746351 
-0.74971682264623 -0.028740109561793924 -0.6611343977918691 
-0.21324685822662312 0.7273835421458572 -0.6522568206403214 
-0.5944486185571106 0.030329010932425245 -0.8035614419516429 
0.42263607328516845 0.6721337599089269 -0.6079596683570241 
-0.5809570763742926 0.012054537579414297 -0.8138449259744641 
-0.19719911554570033 0.7401734262306441 -0.6428497553316659 
-0.5566428608360656 0.038022142482150724 -0.8298813422178544 
-0.05077330067498439 0.7662651875480321 -0.6405152100384087 
-0.5908640860474317 0.002760914213113214 -0.8067663907055381 
0.1055301627420299 0.8341779406656712 -0.5413044873806429 
-0.6241512154194987 0.004497940423630589 -0.7812906173904229 
-0.6015832343600173 0.0118594463016039 -0.7987220828738617 
-0.6053537437611851 0.005216796192874513 -0.7959394637482172 
-0.6221720684126911 0.001018487018325462 -0.7828798630513286 
-0.089469951750566 0.7338076320458385 -0.6734400395618237 
0.3936188763990489 0.7278624651672677 -0.5614983632593938 
-0.6021092737702652 0.01366569370576635 -0.798296731332018 
-0.5900094681098548 0.02802806667528523 -0.8069096944634957 
-0.6194790800745363 3.323597949035497E-4 -0.7850130947232491 
-0.7508741975416235 -0.027180906210168884 -0.6598857005601932 
-0.62446566815929 0.0023571449255359498 -0.7810487008875768 
-0.20895237335489814 0.7279448155847816 -0.6530201000984529 
0.3817250148105114 0.7452972887857651 -0.5466424465740862 
-0.04503775756406051 0.8062557359111743 -0.5898502256538788 
-0.6130141364284923 0.01983495202908463 -0.7898229188981754 
-0.6215405001207098 0.03536133355993844 -0.7825835308761364 
-0.6130052991118422 0.003149558800189228 -0.7900725178995691 
-0.6236422939521074 0.008048015707394477 -0.7816684198797639 
-0.19628390196710538 0.7398421598760163 -0.6435108455174311 
-0.6231177155275301 0.004607869735384778 -0.7821144929818484 
-0.7497035742026205 -0.028363774570515088 -0.6611656729745797 
-0.6284196912771269 0.014328550015756296 -0.7777424922618067 
-0.6380933552163468 -0.16281681849397872 -0.7525473763453328 
-0.6072647436814399 0.023115216623806795 -0.7941632186408218 
-0.5931758184971889 0.06646594172438332 -0.8023245770515078 
0.34318609708958026 0.7349303737271184 -0.5848937070423476 
-0.23856097845124888 0.6904630150816908 -0.6828978579294882 
-0.07130375311360887 0.7312431364685953 -0.6783798715760108 
-0.6021097762243993 0.01366641019268528 -0.7982963400939835 
-0.6209775956662881 -0.0032991201950225324 -0.7838213709044013 
-0.6326352129509578 0.019872146963486964 -0.7741949270755769 
0.4252549461835527 0.23398755030032772 -0.8743043274803548 
-0.5782464652071942 0.012068263050543855 -0.8157728743359441 
-0.17097223436198777 0.773342268942457 -0.610499983738085 
-0.5931781368744629 0.06646021577350596 -0.8023233373481542 
-0.6389072564847663 -0.18918260267470213 -0.745659077901111 
-0.624325049143643 -0.011527962305049958 -0.7810795984385209 
-0.6227145901025566 0.02737639019740895 -0.7819699946501555 
0.09915291625158902 0.7864418743724025 -0.6096538997106699 
-0.19077240767386958 0.7779748572927292 -0.5986326167948692 
-0.20909741140543062 0.7288567593881818 -0.6519555942222646 
0.25333488112471336 0.6580402336803375 -0.7090870812978151 
-0.558412074270956 0.03540764143493886 -0.8288077305602447 
-0.7508739164643793 -0.027179664236324296 -0.6598860715498133 
-0.6241664197315607 0.001811372396921795 -0.7812893186326848 
-0.5577811424722071 0.03783922874457607 -0.8291250749256202 
-0.6334194708937878 -0.09616099807085682 -0.7678104169276753 
-0.5760677948538248 0.014528681575078287 -0.8172727899201965 
-0.6221303702327938 0.011747039966538439 -0.7828255294036031 
-0.6140226796094228 0.014288408923174426 -0.7891590399252285 
-0.0817499060638222 0.733206353275305 -0.6750743635891419 
-0.5956969062401961 0.010622335174306828 -0.8031390675912259 
-0.526845223068964 -0.11212011136226487 -0.8425337925315086 
-0.6076581917314567 0.021603779166712116 -0.7939047793957233 
0.39272689801107946 0.7283277094174587 -0.5615196624102429 
-0.6230277738338308 0.0032258997664618744 -0.7821930622310311 
-0.5956605481669561 0.02868054188593649 -0.8027240733119759 
-0.6215068511459114 0.002388910798578252 -0.7834050849234324 
-0.7508833512685872 -0.02719938923136644 -0.6598745229307585 
-0.6224141355703243 0.001334135625605905 -0.7826869514207954 
-0.5479834794879876 -0.32419139264069957 -0.7711122143669635 
-0.5881377832583834 0.011184882097063744 -0.8086834030177631 
-0.5996239471046575 0.09083636057780306 -0.7951099783398585 
-0.5677094267693314 0.016161986329094644 -0.8230703475129786 
-0.6216618042477469 0.0014554891496893806 -0.7832844200485359 
-0.07390332677725937 0.8588272083732486 -0.5069064257326655 
-0.6222033255758288 9.296624355790108E-4 -0.7828551317901258 
-0.21181836143478952 0.7286144386344625 -0.6513478191968313 
-0.5919695955087254 -0.35204544667873017 -0.7250075871782373 
-0.5603428962688215 0.04218884408994211 -0.8271855535703119 
-0.6595871777839466 -0.3672422781779227 -0.6558032205026884 
-0.6222668807280164 0.0011936549265725016 -0.7828042567187158 
0.007814654066784821 0.863316786764209 -0.5046018795772937 
-0.12959793316611337 0.8701945810131079 -0.4753585666573111 
-0.6066341103985143 -0.013914551665245134 -0.7948593846416852 
0.282474197021146 0.7029008503196066 -0.6527930166884699 
-0.6086727733318111 0.023063110690474984 -0.7930860911211598 
-0.7508732197746044 -0.02717904391802024 -0.6598868898508446 
-0.20110809371714905 0.728958162776571 -0.6543512295112317 
-0.23972087811359172 0.6991331167688906 -0.6736072933345254 
-0.564707213697041 0.05540781047676086 -0.8234292546033909 
-0.6221542903575239 0.0012070334776074789 -0.7828937233494146 
-0.22052523945839544 0.7231672494716157 -0.6545210065792201 
-0.6281552899167573 0.03400036335230919 -0.7773447800310397 
-0.5795067918974092 0.012580872836446887 -0.8148702962947207 
-0.6223074661817111 0.0014487031751917708 -0.7827715623306769 
0.4150998547899238 0.6802294684137477 -0.6041357304902057 
-0.5420959395951989 0.01992953583066095 -0.8400802377606397 
-0.630217139451647 0.015020212541374714 -0.7762736311099298 
0.4214464656767246 0.6674651714550256 -0.6138999278898073 
-0.6203581913467366 0.001058159515252692 -0.7843179168726456 
-0.6084631031784586 0.015566946727983895 -0.793429468976297 
-0.5765900305166048 0.015842573435888598 -0.8168800092888729 
-0.09166136966007704 0.761613171032261 -0.6415166178846989 
-0.6043248684916973 0.02371705421593366 -0.7963849287008207 
-0.631054665394 -0.006162886529167725 -0.7757138828937479 
-0.2443051115648187 0.6810337573803446 -0.6902956133220836 
-0.5920213400723415 0.016820058238075468 -0.8057467459070603 
-0.6123514331467355 0.00997121324516571 -0.7905227999428976 
-0.6215065683856802 -0.002434401737229267 -0.7834051692078867 
-0.5843969272326692 0.03160465096838485 -0.8108522537911459 
-0.6224816621817396 9.140788842087982E-4 -0.7826338509847707 
-0.13426635497789724 0.7523949757247828 -0.6448832037082783 
-0.15217429827739798 0.8857360953063589 -0.4385368313097841 
-0.6039872740820332 -0.008838269587893258 -0.7969449527650243 
-0.5967691507630397 0.014000717702655879 -0.802290820464357 
-0.05361164565704935 0.8048652623680511 -0.5910310490009397 
-0.6178967852528194 0.004960622642163696 -0.7862435723090099 
-0.5948822003509041 0.030967114322253887 -0.8032161636422783 
-0.20893545510043254 0.7281170855621333 -0.6528334284597261 
-0.6199465099850913 0.0024081242638710008 -0.7846403798523467 
-0.6223960982118069 -2.791473072283405E-4 -0.7827023821399165 
-0.6222823104962876 0.0018730486245549696 -0.7827906602229309 
-0.619137092931741 -8.78413365051184E-4 -0.7852824259755167 
-0.5859702864763938 0.02909976800577506 -0.8098098708146149 
-0.6215380043414329 0.035360571236640485 -0.7825855475033304 
0.3542473753400926 0.5490009429330305 -0.7570381507713457 
0.36363979144430947 0.5734010903487187 -0.7341507281650272 
-0.628252432596649 0.014425211137973985 -0.7778758218507745 
-0.6216628824789208 0.0014565957827221713 -0.7832835622408563 
-0.602292936098849 0.012223940386800913 -0.798181554789916 
-0.5931766082876149 0.0664645521369622 -0.802324108256529 
-0.6174527428905687 -0.0018201072625081023 -0.7866058717721769 
-0.6223428453962572 0.0015197461797260366 -0.7827432996555381 
-0.6115156201036946 0.006256049456714101 -0.7912076264890202 
-0.12544545394725198 0.8548800023582255 -0.5034318421116889 
-0.21036167694953375 0.7274812079432335 -0.6530842648237929 
0.07461905819847002 0.8672913819791743 -0.4921764469153592 
-0.20110803739436195 0.7289594995173442 -0.6543497576669614 
-0.6230277814730534 0.003226006372957246 -0.7821930557066119 
-0.6032043059290267 0.006948096068194292 -0.7975564489549992 
-0.6199507699400836 0.002396647657620372 -0.7846370491703173 
0.36057605655638236 0.5697624589123487 -0.7384819888476649 
-0.6225018728312296 0.0013420409263894659 -0.7826171587997311 
0.23652801448448946 -0.9716208222076287 0.0027342671041339917 
-0.8116285508784824 -0.38905223142443346 0.43577225315818774 
-0.596754587355608 -6.023197148652008E-5 -0.8024238025146984 
-0.6098329905846012 0.016055600899580948 -0.7923673019972463 
-0.12519708207240918 0.976168681401996 -0.17725799302272088 
-0.622985451112364 0.002413271344512872 -0.7822297001672477 
-0.6315215036155784 -0.03967235349267413 -0.7743427502336879 
-0.5865696819703303 0.06560167843822064 -0.8072375288471876 
-0.6241657307692229 0.00181181758959249 -0.7812898680069672 
0.38401999635923906 0.746997584584347 -0.5426999640882628 
-0.6221699421239684 8.170553466093831E-4 -0.782881788993727 
-0.5838433273808726 0.004208594239844931 -0.8118554408312822 
-0.5590304050630416 0.03112223419097777 -0.8285628598688296 
0.1237100295507155 0.8263297495172539 -0.5494315004177623 
-0.09351740604100849 0.7608964743216452 -0.6420989410770361 
-0.6178857161995706 0.00498927806997771 -0.7862520898674193 
-0.16824911188877056 0.7539580094045809 -0.6350114616314592 
-0.6207475265061866 0.007915480860233961 -0.7839705692812726 
0.3785723490164677 0.5901012204671039 -0.7130662845510144 
-0.60715588586903 -0.013207963998235865 -0.7944729573381429 
-0.6220290219493312 5.7886941126710174E-5 -0.7829941842069202 
-0.5950357568631238 0.0240179569546121 -0.8033402677558593 
-0.6776884463910332 -0.16290380204314447 -0.7170779043507028 
-0.5584114880318358 0.035407103255326165 -0.8288081485320578 
0.37631866186156854 0.570427115724186 -0.7300665520220089 
-0.6241678692552768 0.0018112769245693385 -0.7812881608377477 
-0.6780985905198157 -0.4844773377640679 -0.5526879867774229 
-0.8280697375769412 -0.5605928156201185 -0.006017041163522526 
-0.6230914628945522 4.176867516781496E-4 -0.7821488697209147 
0.38939189188918505 0.7334116173887838 -0.5572085372731911 
-0.5952677978905627 0.02014244382326068 -0.8032748787005274 
-0.7500760013220643 -0.027885857524844904 -0.660763475981237 
-0.6242037892406713 0.0010072989081609004 -0.7812609134255324 
-0.20915430188856116 0.728103058094683 -0.6527789938368722 
-0.5840089250095208 0.06491100515933633 -0.809147784349947 
-0.6188108100270271 0.008106100240508311 -0.7854982320365753 
-0.5931749951258956 0.06646587043049182 -0.8023251916930635 
-0.6013963247936532 0.03228751064543713 -0.7982981756092191 
0.31074461426350214 0.7723181614363016 -0.5540419137771782 
-0.6312489789864694 0.01435406457380595 -0.7754474110852076 
-0.12092831959718821 0.881746434808951 -0.45596004893093905 
-0.6442649226246266 -0.08547217594501741 -0.7600113266357994 
-0.621802155463829 -0.007851707462538111 -0.7831350012293276 
0.4052375754077306 0.6648456182590884 -0.6275052281530046 
-0.6313144070047103 0.01530281016180902 -0.7753760013757471 
-0.562301543375296 0.04604814500957666 -0.8256491643906249 
-0.047160429249516855 0.7738944578697197 -0.6315562223520043 
-0.6028383859603187 0.015337654056066442 -0.7977158872561172 
-0.5931782231295908 0.06645806247196727 -0.802323451942727 
-0.6114825206792702 0.015376362399020732 -0.7911085225069313 
-0.7922282317987631 -0.4187251408904598 0.44389602963674946 
0.36650337412992123 -0.9205809086156562 0.13492986120112901 
-0.7208656747954484 -0.3177256582291211 -0.6159570480192387 
-0.005292797854396533 0.7678209058710074 -0.6406426795010604 
-0.6109619068101051 0.0017843278091841427 -0.7916579846128187 
-0.6022930745052477 0.012222867165286179 -0.7981814667863919 
0.10336713988938495 0.8500729534696382 -0.5164215411565389 
-0.5914803583335997 0.02929680774539355 -0.8057869958999625 
-0.6283798668917806 0.014315779297930835 -0.7777749040359693 
-0.5807037465570927 0.03553383214508673 -0.8133391085565975 
-0.5924215448444812 0.021669504919078028 -0.8053366660972543 
-0.6282368754888203 0.014460343814317468 -0.777887734016173 
-0.5903339150275376 0.02844182408256801 -0.8066578775485406 
-0.5967550122523141 -6.036074797366851E-5 -0.8024234865134 
-0.6090639576115671 -0.10586514170279394 -0.7860239610284044 
-0.6239522298499132 0.025863586503302782 -0.7810343716882807 
-0.1665900173455007 -0.8597130412100255 -0.4828470284616392 
-0.6179620718726616 0.03652767588395792 -0.7853589030636655 
-0.13270281327428046 0.7109198530620555 -0.6906395050033822 
-0.617002767622257 -0.009722268348015378 -0.7869009227626083 
-0.5601440292910155 0.0418257742718507 -0.8273386676906781 
-0.5911060081481904 0.06309726133248023 -0.8041221441693124 
-0.590837544577754 0.016138024829922923 -0.8066291341576496 
-0.5931781955044579 0.0664574286578957 -0.8023235248665315 
-0.5591558887675989 0.04190255606087385 -0.8280029395189863 
-0.6234359844472347 0.0028759747641139274 -0.7818691080132681 
-0.6297080136467728 7.509793730086863E-6 -0.7768319107069682 
-0.619103872234184 0.010657868783418045 -0.7852367828990403 
-0.5823091078310746 0.027860140196882374 -0.8124899479533197 
-0.7872892839450323 -0.26219260147188067 0.558059694941971 
0.36644172004759495 0.5529392535657587 -0.7483172105963499 
-0.6239056132640093 0.001851142666151935 -0.7814975105580888 
0.13087363854580922 0.8603351827609297 -0.4926413137745336 
-0.6219139914663577 3.006756897789664E-4 -0.7830854977666952 
-0.3680773728338333 0.895582210135 -0.24990308621033905 
-0.613184196080859 0.05354280102775047 -0.7881232835887881 
-0.1452293948767547 0.8710724408391124 -0.46919209890440683 
-0.20927419362148983 0.7290943118471714 -0.6516331761936118 
-0.6241679420060399 0.0018112996860114672 -0.7812881026646908 
0.42373161307251617 0.6672453353632075 -0.6125644313204971 
-0.5966469901432606 0.022119963386760436 -0.8021989007551409 
0.3117590562631938 0.556060265662627 -0.7704565346527287 
-0.5739968828486728 0.015414250334368374 -0.8187123911158524 
0.42394556894796603 0.6772380266746959 -0.6013474950435475 
0.3921283013618116 0.7298121233033998 -0.5600086248893702 
-0.6204433963427628 7.064416551368189E-4 -0.7842509119375286 
0.38385463567885036 0.7438796332910089 -0.5470819955387778 
0.8564415246720156 0.3817372999728773 -0.34754071506356 
-0.621832246244821 6.087189588510399E-4 -0.7831502327084819 
-0.5932196124718753 0.028649995700038816 -0.8045307135996151 
-0.859047040694462 -0.461325868845319 0.22184820172405917 
-0.7009395206400593 -0.566409344557217 -0.4334330891881094 
-0.621951787741098 5.369057492741607E-4 -0.7830553527419811 
0.10634511810551914 0.8693899607400872 -0.4825472122181132 
0.3925766787522167 0.6015402636268434 -0.6957247031230287 
-0.614895542376251 -0.010321083960519284 -0.7885410244189557 
-0.6207183794566592 0.0015433542587353739 -0.7840320857352274 
0.4213599953306771 0.6674041643072073 -0.614025598652312 
-0.6166632145793564 0.022346735549145912 -0.7869098443881302 
-0.17249160172485203 0.7174760160264415 -0.674888741765056 
-0.6247033912966266 -0.004760644044243887 -0.7808476222482708 
0.19777779741961482 0.7359815881080314 -0.6474681805415815 
-0.6165342798398652 0.02234696308908176 -0.7870108608037337 
-0.6059067272064278 0.015110380692418504 -0.7953921764270289 
-0.6086363284227038 0.007487275976969333 -0.793413990563927 
-0.5935253302110751 0.0649213344823282 -0.8021925596307086 
0.39493595734083586 0.7289368319942362 -0.5591750035199038 
-0.19716581850414236 0.7393754051147602 -0.6437776404357143 
-0.6068824765334093 0.012121005685029674 -0.7946991511873278 
-0.6211919732231603 0.0037120418649763255 -0.7836496367307965 
-0.6219141310034753 -0.007892410722495382 -0.7830456714082389 
-0.6272177143216017 0.0018462787266673108 -0.7788417875897833 
0.2271106189445184 0.601459935656775 -0.765941716165392 
-0.5967549538882769 -5.858898877394874E-5 -0.8024235300495187 
-0.6223339005800618 8.212207713753455E-4 -0.7827514559457879 
-0.11533900956509642 0.8608911381626321 -0.49554350071975584 
-0.5818001213640686 0.01761285991107058 -0.8131410738282185 
-0.5968064253779822 0.02077684567646652 -0.8021162093557836 
-0.6225667770221975 0.0015041318300748445 -0.7825652341726095 
0.38359328265703996 0.7493042330055335 -0.5398141901621198 
0.4239169936307023 0.667296332769892 -0.6123805898156478 
-0.5584112916756074 0.03540681681663686 -0.8288082930642603 
-0.6241662931152453 0.0018114915349926007 -0.7812894195093086 
-0.6924016030956742 -0.11182651667570462 -0.7127936939947763 
-0.5957525960346928 0.022361650100191605 -0.8028566502948835 
-0.2161955052131565 0.7255854208514612 -0.6532880685987125 
-0.40152405490130016 0.8152551525242556 0.4172978188515613 
-0.6191887786226857 0.04310449475442671 -0.78405819870703 
-0.6125633045852774 -5.736826689927693E-5 -0.7904215296817557 
-0.6335291986591104 0.052773730138585134 -0.7719168918048143 
-0.7497680185303418 -0.028573360626635735 -0.6610835661636018 
0.3941246504499882 0.724366243260266 -0.5656494546383686 
-0.6292821211338172 0.02934972898147568 -0.7766225630446477 
0.08170406870739694 0.7488499542175161 -0.6576839599876836 
-0.8040706255135492 0.075350536072067 -0.589739540729551 
-0.600461678512358 0.0033008053642444883 -0.7996467203222115 
-0.5589643495538622 0.042622657188969404 -0.8280955047710256 
-0.1069713759440933 0.7987411119886046 -0.592089318217982 
-0.6225629800691742 0.0015510230957426346 -0.7825681632770052 
0.06721937820186129 0.8422048323355649 -0.5349510029757661 
-0.6220285303136391 5.722910331192882E-5 -0.7829945748219995 
-0.5741335179790207 0.02965562625420742 -0.8182244480364201 
-0.6368087618046924 0.03998964026811256 -0.7699840450035322 
0.4235487186627496 0.677427864993355 -0.6014133110014176 
0.38775138456322433 0.736808708901488 -0.5538608040439627 
-0.6281559229954672 0.034000153958683964 -0.7773442776122421 
-0.6128950706701151 0.04966261969036692 -0.7886020901276921 
-0.20903948612928117 0.7282505306181352 -0.6526512528856516 
-0.6241659377846797 0.001811670143193935 -0.7812897029659764 
-0.6068742414334962 0.003669183249611191 -0.7947894011490084 
0.3107435569161467 0.7723184381230842 -0.5540421211155533 
-0.09305949056902785 0.7596233804790885 -0.64367091828399 
-0.6095306797698716 0.019621375187967777 -0.7925196225047121 
-0.15433664816585446 0.8871653140570377 -0.434876884378794 
-0.20962268064552145 0.7280584746937669 -0.6526784730520622 
-0.5886815729132068 0.02000922868822199 -0.8081173407864327 
0.41701980208174083 0.7012017788440805 -0.5782824137198043 
-0.1999319580511419 0.7400397312977958 -0.6421591767237488 
0.11618620650215147 0.8551228941503153 -0.5052381629673557 
-0.502614702175772 -0.09241815035839858 -0.8595564825193819 
-0.07906345862703623 0.8261077086741948 -0.5579381893892932 
-0.6236421916577773 0.008048224495251265 -0.7816684993440366 
-0.5931780801131227 0.06645757821424843 -0.8023235977903224 
-0.5957009038492501 0.030190786082533238 -0.8026387416446488 
0.4238143688843844 0.6666687322059299 -0.6131347178443486 
-0.6027487279050404 0.006748171212802982 -0.7979025211102784 
0.37072241661573346 0.5723942497308944 -0.7313888929246856 
0.09980768369412947 0.8340457647079167 -0.5425920093849512 
-0.5846623524793457 0.032574980663441624 -0.8106224794737029 
-0.5180709376663399 -0.7431790056408482 -0.4234235103536404 
-0.5584125722616649 0.03540817695554709 -0.8288073721588122 
-0.5964511734184649 0.03975289666973777 -0.8016643343283406 
-0.6002899489440736 0.011639550991127899 -0.7996977541855713 
-0.595805154775635 0.024608310900844796 -0.8027519221885357 
-0.6316957904035921 0.0015514718559718867 -0.7752148226920464 
0.420138303031254 0.6751388683231793 -0.60635906425592 
-0.17946592899058653 0.7338715428701108 -0.6551523020618861 
0.4811853147514612 -0.868919500901663 -0.11592926214007475 
-0.626748405984302 -0.010218562029563892 -0.7791546807830807 
0.42261242617346967 0.6721167844302812 -0.6079948727833752 
-0.5894555303316998 0.030854844933095357 -0.8072113455009965 
-0.08018719962576273 0.7626260838682227 -0.6418500363947925 
-0.13291829554608212 0.8673099859185914 -0.4796937721453313 
-0.5790038304405155 0.03620912982481207 -0.814520388481799 
-0.629941716061432 0.015303929204162346 -0.7764916123928784 
0.4004225636736494 0.623192483093823 -0.6717833724619697 
-0.5952246571294029 0.03029325230999848 -0.8029881234549286 
0.3898155965822925 -0.5067822147990867 -0.7689054476491397 
-0.20921738963075573 0.7287279086923608 -0.652061131312817 
0.4226381759425856 0.6721332567491548 -0.6079587629171067 
-0.5966470353232151 0.022120004443956252 -0.8021988660197779 
-0.623027776558653 0.003225373470379027 -0.7821930622310311 
-0.6018553282334564 0.010369193673565598 -0.7985378160735774 
-0.5934414868858287 0.08473781453973117 -0.8004040882140515 
-0.5587131439142021 0.03143863887247693 -0.8287648851172172 
-0.0817773408841711 0.7276953899664687 -0.6810079925665068 
-0.14495835245918415 0.7944045081674681 -0.5898377348521558 
-0.08433335707980133 0.8268165998074756 -0.5561134732826165 
-0.05989269160284521 0.7826161018163715 -0.6196167385330332 
-0.623024184424849 0.023933754478274595 -0.781836326233519 
-0.5749604844446164 0.015401346865793739 -0.8180362093709126 
-0.5308362759370084 0.05211872038418662 -0.845870254314953 
-0.6305339659816153 0.00612930694341546 -0.7761374551842533 
-0.5893667093812112 0.017018025554376925 -0.8076863677686987 
-0.5958095974127777 0.03053043794642749 -0.8025452111810418 
-0.7508850653456027 -0.027190841315715777 -0.6598729247282945 
-0.5928368057240865 0.066239314170054 -0.8025938418883755 
-0.6241664164376157 0.0018114737001753002 -0.7812893210293217 
-0.11143208388613807 0.775118027581735 -0.6219123201855655 
-0.5954775362508552 0.029423831445686985 -0.8028329477317602 
0.3929836158112272 0.7291741035484909 -0.5602401310314967 
-0.6139407678995674 -0.004793737862484236 -0.7893375409722988 
-0.6056547906203671 0.015919149571062274 -0.7955682593439318 
-0.622502550722704 0.0013450871309112387 -0.7826166143676849 
-0.5947863756648337 0.030952075679889727 -0.803287704583232 
-0.2854972464992992 0.643213860669047 -0.7104697401610699 
-0.5948037569590329 0.03077254372089387 -0.8032817321838992 
-0.5113648768662585 -0.4199953999206392 -0.7497398393796735 
0.23399403523708406 0.7836009175516953 -0.5755140254464766 
-0.6182922014221922 0.01601567012144219 -0.7857851181913924 
0.35659234125212425 0.5462086879310177 -0.7579564442558719 
-0.6241669815517965 0.0018114622676328321 -0.7812888695898415 
-0.6235058064241233 0.005168694430519874 -0.7818016333784982 
-0.5885401835169126 0.018714832476699535 -0.8082513268973011 
-0.20881893486348893 0.7287312580069604 -0.6521851010610954 
-0.6182926794824104 0.016014295007596286 -0.7857847700572155 
0.38896523584268605 0.7281025394191403 -0.564422481300349 
-0.6226918826781501 -3.2376975431523127E-4 -0.7824670692239305 
-0.14998345683396708 0.8896563421414502 -0.4312963662768661 
-0.3601240867367663 0.7647409026854277 -0.5343051505571392 
-0.6240503511589856 0.0012578940847967157 -0.7813831178882856 
-0.6209771735697088 -0.0032994394195235465 -0.7838217039639134 
-0.6223252366438685 0.0013652793765708167 -0.7827575843442063 
-0.622916949640422 0.002720228431214923 -0.7822832442331575 
0.4240196513032089 0.667140013485569 -0.6124798263740449 
-0.5965690977361828 0.031012983452470617 -0.8019622849508657 
-0.6231579476737222 0.0020645078908724974 -0.7820932873118417 
-0.6223121744449699 0.001077594211958859 -0.7827684180703051 
-0.5949163533848963 0.030912913459425623 -0.8031929558061794 
-0.6226068722892086 0.00208379241726538 -0.7825320059827654 
-0.5738846876351832 0.0160202631710287 -0.818779406473929 
-0.5815298592563238 0.02961877485949527 -0.812985701577305 
-0.5844934593030281 0.06519094680977056 -0.8087753312793516 
-0.574561780011778 0.06786459359426057 -0.81564278816525 
-0.5734700212104069 0.014153146674686522 -0.8191042810363894 
-0.621902655906356 0.03517526199080913 -0.7823041528206907 
-0.5585967752402711 0.042163063351896395 -0.8283670193700098 
0.422291389186544 0.6752354035142369 -0.604753778375848 
-0.5584116055659223 0.035406575451657755 -0.828808091891045 
-0.622481787762543 0.0023543907733120195 -0.7826307435489835 
-0.14207098220112532 0.7181955917117394 -0.6811834760637049 
-0.5634482762640689 0.044206117533915595 -0.8249677927941351 
-0.622668028875264 6.155088723408296E-4 -0.7824858765277629 
0.05681311084025121 0.7965486428745642 -0.6018991028165297 
-0.6221415434265942 0.001438473379677888 -0.7829034619524371 
-0.627216992798378 0.0018511620731300452 -0.7788423570556102 
-0.6278990088561704 0.020437280821538308 -0.778026446999111 
-0.6483434826446657 -0.1035257992314923 -0.7542765655949195 
-0.6212105038627048 0.03366005422425667 -0.7829205008430067 
-0.14495691653747303 0.7944050485429139 -0.5898373599539781 
-0.20147696560659833 0.6939368681402289 -0.6912732132562988 
-0.622367801253517 0.0014758462145217758 -0.7827235411311032 
-0.618553260219923 -0.07476814328113082 -0.7821774664496521 
0.08294706347389845 0.8643273598737573 -0.49604233653461216 
-0.19716591840773623 0.7393753028875027 -0.643777727246328 
-0.6225025120550177 0.0013411042403343064 -0.7826166519596993 
-0.6233859089776075 0.030584655267535652 -0.781315933122017 
0.42151136463391414 0.6674536039972955 -0.6138679467079845 
-0.6281553625670097 0.034000512205357214 -0.777344714813243 
-0.6280267287389043 -0.012865874317914461 -0.7780854048673232 
-0.6327793434078987 0.019701859587254785 -0.7740814810374118 
-0.6204020637205716 -9.407402950878022E-4 -0.7842833635485028 
-0.6303147299758651 0.01577194648990958 -0.7761794810991668 
-0.2404724926159768 0.6996206523624938 -0.6728327601142334 
-0.6223290747765464 9.082121575236943E-4 -0.7827551966218077 
-0.6144835759494818 0.021113322554645132 -0.7886470455780843 
-0.5945865599914973 0.023402332487763522 -0.8036909564699666 
-0.7508728093628863 -0.027180553488716657 -0.6598872946735175 
-0.635833248161856 0.046389698813837525 -0.7704310977471671 
-0.5919432855323801 -0.3516355265180188 -0.72522796636887 
0.3109915432367588 0.7721160175663803 -0.5541850913301911 
-0.9834360411022938 -0.12300986818065376 -0.1331244732993352 
-0.590456315147448 0.027921538214852496 -0.806586466292495 
-0.6225140235722069 0.0013517312956659022 -0.7826074771419234 
-0.602008003012265 0.01205141476713464 -0.7983991030251069 
-0.28549741753242297 0.6432160279941723 -0.7104677092688432 
-0.5818613373663022 0.017738787323394855 -0.8130945329434909 
0.10416596098927279 0.8080143387658069 -0.579881264501654 
-0.6218360737584164 0.0010997963195358063 -0.7831466579260701 
-0.5914195317547782 0.0036584922044336702 -0.8063557235449804 
0.1004839767249624 0.8359685874052061 -0.5394992968422493 
-0.5979076751115691 0.042387637302636734 -0.8004434397548515 
-0.6115078257190791 0.020617349174866614 -0.7909697238183812 
-0.6216747679634664 8.436937652435734E-4 -0.7832750290022024 
-0.5982903364790162 0.02832052135680809 -0.8007787592999106 
-0.5594684591609219 0.04211775112369241 -0.8277808515811336 
-0.6226780304956153 0.0012062746462667892 -0.7824772298537379 
-0.5563655927474749 0.03653291131064065 -0.8301341298837916 
-0.6018538441799066 0.010370121025822816 -0.7985389225552995 
-0.5910618806713065 0.01820240801362894 -0.8064208117104888 
-0.7868479973579314 -0.2644638966343817 0.5576101473527645 
0.42263877868050703 0.6721325627596937 -0.6079591111526629 
-0.17363619576767114 0.7588463895691229 -0.6276962868754585 
-0.5952456378756222 0.028850813822249778 -0.803025691451922 
-0.5418512763025648 0.019861901679552856 -0.8402396677323403 
0.07066410200084235 0.7736589978501552 -0.6296493784114363 
-0.03008471547720698 0.7437623188659873 -0.6677668177812858 
-0.6215140574407196 0.004824390206531511 -0.7833881551713103 
-0.6173553394776263 -0.005946716711660499 -0.7866619486023307 
-0.6311299554043044 0.0044597040518192296 -0.7756642897743398 
0.422638341673707 0.6721316543118225 -0.6079604192867754 
-0.582104415221211 0.06684594748037394 -0.8103616902873823 
-0.6221306655186727 0.01174688912787849 -0.7828252969961502 
-0.6231411259153743 0.010707939819596874 -0.7820361099193179 
0.11789525358458927 0.8767259933266177 -0.46631774768679013 
-0.6236272814175523 0.013733846862589482 -0.7816011740792793 
-0.2394605551505204 0.6990216788046937 -0.6738155052297865 
-0.6236198330401161 0.0021013046770016032 -0.7817249441828449 
-0.5933228986606166 0.06642334046062431 -0.8022193451712665 
-0.09576233837675356 0.824060831171236 -0.5583487450312646 
-0.2090587955218826 0.728044176108788 -0.6528752542783466 
-0.5904470870968783 0.015905624128213783 -0.8069196047066296 
0.31065661734143457 0.7756126833352269 -0.5494701370880009 
-0.6184256316693209 0.016033876180580692 -0.7856797394034208 
-0.5735027477571446 0.01715621650929718 -0.8190239694600465 
-0.633528454181895 0.05277248993533009 -0.7719175876011144 
-0.5908215673534787 0.028028974150865547 -0.8063152312576198 
-0.6030285375788659 0.09183199506682045 -0.7924162211537203 
-0.5831634071414409 -0.6895714711832193 -0.42943174859504357 
-0.20991663790303244 0.7288562406032141 -0.6516928614502671 
-0.5980203970969742 0.03214376451729618 -0.8008360525467332 
-0.5590303099605751 0.04284244545208896 -0.8280396351703632 
-0.5941560226195185 0.02214560649701313 -0.8040448948272937 
0.3742479333521414 0.7420832243442849 -0.5561033829500058 
-0.5591041399546375 0.03192619706465149 -0.8284825155829025 
-0.6193778363455736 0.0434617051488487 -0.7838891350372388 
-0.20915070454255136 0.7280659704373059 -0.6528215111962369 
-0.5592981074220036 0.0492042456041839 -0.8275050267210997 
-0.6223728969360192 0.001550429175117929 -0.7827193451862808 
-0.6359519720117505 0.046314259903408365 -0.7703376393659895 
-0.1654414739589525 -0.9603984071760726 -0.22419638308400924 
-0.005283570025040567 0.823787136177321 -0.5668746229604554 
-0.6219911982982756 0.0014901122778582185 -0.7830228149963924 
-0.1543392565088374 0.8871640543944139 -0.43487852843152053 
-0.21324773476271378 0.727383178165602 -0.6522569399709592 
-0.6302780707554935 0.015494281672400793 -0.7762148418834759 
-0.6241667517440038 0.0018116636817241108 -0.7812890527148346 
-0.5936906055326097 0.015427301206157271 -0.8045455010624433 
-0.6013354182897951 0.023813221281563744 -0.7986417502249882 
-0.5966476277445023 0.022120420629474547 -0.8021984139214144 
-0.15412843598228368 0.879878761675597 -0.4495083869894678 
-0.47588622852605117 0.8783639026781662 -0.044823564909898556 
-0.6222941000522069 6.702090006302477E-4 -0.7827832419387307 
-0.4747979292912764 0.8567726074988615 -0.20126506249301682 
-0.578814529448371 0.03625973141305387 -0.8146526697785469 
-0.12782719241273188 0.8189871908757902 -0.5593926975401631 
-0.7836255971690921 -0.26882684293481135 0.5600562935804634 
-0.6229878621831055 0.0012481560659476116 -0.7822305067427113 
-0.1745596850944921 0.7588775325751187 -0.6274024281849819 
-0.5967544704420584 -5.8546550914882607E-5 -0.802423889586869 
-0.2399799810493355 0.6992322583013056 -0.6734121009058396 
-0.5950641598547174 0.015333073102926012 -0.8035319175525137 
-0.611420786947668 0.01625560042549856 -0.7911386583545903 
0.3939800159464034 0.7307668974893877 -0.5574580599189559 
0.422535681008626 0.6724272563806992 -0.6077048487143262 
-0.5964523568825111 0.014348465147582945 -0.8025202224973563 
0.41848473248995277 0.6666692282442694 -0.6167841346735524 
-0.750138111978595 -0.0278813790829142 -0.6606931524222298 
-0.20892037633269195 0.7279442133467883 -0.653031008917595 
-0.6160713273589924 0.0024622308472130507 -0.7876865220539097 
-0.5592984812977199 0.04920418309114204 -0.8275047777411303 
-0.5932741585536682 0.012361134093470626 -0.8049055690926484 
-0.5934547566570909 0.06580719186055281 -0.8021725907187939 
-0.5801952799668048 0.0156426407516437 -0.8143271731279488 
-0.6210694932267645 0.0339856391526141 -0.7830183017748935 
-0.6045550669066018 -0.013206846868520675 -0.7964538594754537 
0.3919071660781729 0.7293811592854706 -0.5607244400380265 
-0.5966476189339381 0.022120405078270202 -0.8021984209032299 
-0.5779697402802885 0.06533884912519783 -0.8134382669356849 
-0.6241659532729035 0.0018117367495282793 -0.7812896904381103 
-0.6089055535184695 0.02109708939650567 -0.7929621300625661 
-0.6192186117998165 0.016324212197112217 -0.785048935351709 
-0.6339546987639098 -0.09680632233444131 -0.7672874141227919 
-0.7497666721430796 -0.028576634423761207 -0.6610849516578808 
-0.5862557387106787 0.0286739183800652 -0.8096184380518577 
-0.5602718081638077 0.04175765320420093 -0.8272555828616299 
-0.6142588206167992 0.009559726373087517 -0.7890467114982045 
0.7060992606400014 -0.10885034891855254 0.6996966740409396 
-0.5598141826055203 0.04041398506833432 -0.8276320382661667 
-0.7732397202623194 -0.20320653485438994 -0.6006724891329066 
-0.15430156655586996 0.8870521333563851 -0.43512014348486616 
-0.6216594090792409 0.0014559641997019827 -0.7832863201100211 
-0.17351840436984306 0.6803156543139157 -0.7120828419786369 
-0.19406617312802615 0.7327457849196645 -0.6522437697133702 
-0.615798209598006 0.046475770012801454 -0.786531987815885 
-0.13302932635988726 0.7493074707245618 -0.6487229860615351 
0.4236187132458373 0.6672578139605496 -0.6126289215312396 
-0.6224954907865521 0.00136010289807915 -0.7826222039212256 
-0.5901016381997081 0.016264295354908316 -0.8071651189754356 
-0.17455968785649612 0.7588775330634127 -0.6274024268259022 
-0.17334637717853266 0.6800990255226509 -0.712331628528608 
-0.6212857604264811 -0.0017697507434307146 -0.7835820773049849 
-0.6228431794690085 0.03579659259238051 -0.781527336532582 
0.42053409046057844 0.6741637985429614 -0.6071690468844894 
-0.622194123555075 0.0012417442462721762 -0.7828620125442024 
-0.1428903229779508 0.7955809132333823 -0.5887557779741905 
-0.5797407353226711 0.012779783219151936 -0.8147007775548027 
-0.5967689792178641 0.014002572841044232 -0.8022909156890035 
-0.635914029400177 0.6725260353668527 0.3785790260510659 
-0.6316411553952725 0.0015509804832439928 -0.7752593406534782 
0.004131667995739966 0.7325771113086502 -0.6806715105733797 
-0.60309514917919 -0.011485119480089184 -0.7975865677574181 
-0.6232634078368114 -0.0026657278937297587 -0.7820074285749727 
-0.6334209307454962 0.012035048093821546 -0.7737138244279269 
-0.596451610776508 0.014348484176042018 -0.8025207766805535 
-0.6241659870235174 0.0018116658741048678 -0.7812896636393694 
0.08180813215188315 0.6786850860701903 -0.7298588791401516 
-0.6230507220600731 0.004902118481144535 -0.7821660737815329 
-0.5629193668142365 0.04435848965376663 -0.8253206109513416 
-0.18419050995843406 0.7217547959155068 -0.6671910300762571 
-0.5924195605973217 0.021671802360932354 -0.8053380639235334 
-0.6183509355721163 -0.3933046720811588 -0.6804069042831801 
-0.6131346634248046 -0.002331846805603362 -0.7899749660574231 
-0.6272436070232718 0.003931347551361255 -0.7788132009377255 
-0.583752159041565 0.04627818905797963 -0.8106119577404625 
-0.1333637979534507 0.7112231977575632 -0.6901997249832381 
0.7276265688372643 -0.40014424032584395 0.5571751638902824 
-0.04862218882453107 0.8368862249637677 -0.5452131044094646 
0.1284698018531345 0.861627879810912 -0.4910121248445593 
-0.1471892100257225 0.7934653516667547 -0.5905489583060468 
0.37991288443215526 0.7497007394745089 -0.5418625300515015 
-0.5592982416789449 0.04920443111134149 -0.8275049249483957 
-0.19589387473310751 0.7411582739171312 -0.6421136993136249 
-0.7501479710369583 -0.027810161691303632 -0.6606849600648091 
-0.21036310126289723 0.7274825060096585 -0.6530823601024325 
-0.5486418782937628 -0.32339823770079656 -0.770977087360131 
0.31074332452722414 0.7723183042945454 -0.5540424380075648 
-0.6000667780394693 0.032000866708669855 -0.7993095810905961 
-0.601278613490547 0.04440218826384836 -0.7978047847915348 
-0.622263257418426 0.0015578810893300081 -0.7828064968263366 
0.31074401247797884 0.7723181355851703 -0.5540422873349401 
-0.7750285238400944 -0.41401826804484304 0.4774093222376292 
-0.6225067518162495 0.0014058290650696336 -0.7826131659944281 
-0.08828098961843524 0.7312202820243092 -0.6764047353680187 
-0.541658164636717 0.019910478239517342 -0.8403630200923032 
-0.5955171723153445 0.023784906108713845 -0.8029903957825001 
-0.6089887235223348 0.019331960606792622 -0.7929432576935973 
-0.558411607061172 0.035407260517763516 -0.8288080616173967 
-0.20098963240607987 0.671937023686626 -0.7128140036955135 
-0.17489511321048729 0.7583700158588628 -0.6279224621092313 
-0.5403489597248446 -0.12358009380362253 -0.8323166237314775 
-0.6223486439082092 0.02731183722179544 -0.7822635291084349 
0.4233002816433398 0.6719696262076645 -0.6076789390911955 
-0.610230440170509 0.0075684670488450154 -0.7921878111886332 
-0.7271140513896058 -0.04622769680825555 -0.6849585070057876 
-0.6318286671442465 0.0053993137545041035 -0.7750892740747387 
-0.6216363682328714 -0.0028439070457319136 -0.78330079655453 
0.7738763776626679 -0.41920575704861934 0.4747440208712501 
-0.1748131985057265 0.7583153023982082 -0.628011343668975 
-0.04504604064170583 0.808287689849441 -0.5870620620176028 
-0.6218321863539019 6.084627687343069E-4 -0.7831502804617931 
-0.6218873460258975 0.0021686714680949595 -0.7831037132570176 
0.08354335293864097 0.8625304747513245 -0.4990608062200683 
-0.8483695592615792 -0.45782950795463734 0.26582180603616473 
-0.5898566966720546 -0.3587705438905664 -0.7234312505190793 
-0.2179949841935535 0.7247595370941995 -0.653606762707864 
-0.6238211307303535 0.0010274750639863689 -0.7815664662389861 
